A_Row = 2
A_Col = 2
A_Width = 40.0
A_Height = 40.0
A_x_origin = 171.6067123
A_y_origin = -141.2750829
A_z_origin = 184.2797089
A_t_origin = 4.802893847
B_Row = 4
B_Col = 4
B_Width = 40.0
B_Height = 99.0
B_x_origin = 185.01714
B_y_origin = 114.7888451
B_z_origin = 207.9035112
B_t_origin = 4.861185117
