A_Row = 10
A_Col = 8
A_Width = 31.0
A_Height = 27.0
A_x_origin = 171.6067123
A_y_origin = -141.2750829
A_z_origin = 184.2797089
A_t_origin = 4.802893847
B_Row = 10
B_Col = 8
B_Width = 31.0
B_Height = 27.0
B_x_origin = 174.5150464
B_y_origin = 142.773356
B_z_origin = 193.5976747
B_t_origin = 4.851981232
